"01" "03" "05" "07" "09" "12" "24"
"011" 1 1 1 1 1 1 1
"012" 2 2 1 2 1 2 2
"016" 2 1 1 2 1 NA 2
"023" 1 3 2 1 2 3 2
"025" 1 2 2 1 2 1 2
"027" 1 3 2 2 2 1 1
"029" 1 2 2 1 2 1 1
"031" 2 1 1 2 1 1 2
"034" 2 1 1 2 3 2 2
"036" 1 3 2 1 3 3 2
"043" 1 3 2 1 3 3 1
"044" 1 3 2 1 1 2 2
"045" 2 1 1 2 NA 3 2
"046" 1 3 2 1 3 1 2
"063" 2 1 1 2 NA 1 1
"064" 1 3 2 1 3 3 2
"071" 1 2 1 1 2 2 1
"075" 1 3 2 1 3 1 1
"076" 1 2 2 1 2 NA 1
"082" 2 1 1 2 1 NA 2
"086" 1 3 2 1 3 2 2
"102" 1 2 2 1 3 3 2
"105" 1 2 2 2 2 2 2
"106" 1 3 2 1 2 1 2
"107" 1 2 2 2 3 1 2
"114" 1 3 2 1 3 3 2
"115" 2 2 1 2 3 NA 2
